throughputipc: 1.625105
throughputipc: 1.724443
throughputipc: 0.938183
throughputipc: 0.822502
----------------------